591 912 568 823 167 885
178 675 130 427 377 493
942 895 257 179 286 112
324 703 449 810 185 400
206 96 556 223 850 792
314 792 704 233 614 222
469 791 896 950 570 624
442 863 871 698 394 156
161 69 210 962 878 395
713 435 490 268 657 691
411 323 483 466 555 448
687 24 591 583 973 160
558 415 374 428 464 767
935 625 187 145 586 64
539 298 499 380 917 507
422 327 829 256 145 736
704 831 759 294 765 83
805 323 849 530 750 313
649 685 289 835 829 226
899 719 523 749 450 791
607 871 469 788 127 613
523 182 796 633 827 560
715 631 882 564 160 632
228 808 668 516 643 848
741 893 918 615 993 367
757 599 589 225 386 715
190 908 248 985 892 74
544 607 56 778 522 216
761 749 375 428 264 369
627 356 613 544 970 957
910 78 556 850 654 293
917 843 553 164 179 444
238 75 50 293 852 571
860 612 671 587 391 286
307 17 641 272 560 962
228 821 39 783 670 693
428 586 887 980 102 418
775 339 492 825 983 695
747 195 658 418 781 48
55 439 416 696 710 327
9 938 147 48 72 168
92 499 106 330 830 207
747 605 897 590 781 879
284 527 73 293 296 205
340 351 996 107 398 705
433 406 994 931 805 66
99 248 916 556 578 98
762 676 54 658 266 834
888 901 712 313 194 360
869 885 62 864 992 459
